115 131 132 133 134 138 141 144 143 142 140 139 137 136 135 86 85 84 83 82 109 108 107 106 103 102 128 126 125 123 122 121 120 119 118 117 116 92 91 89 78 77 76 73 74 75 97 96 95 124 127 129 130 101 100 61 62 64 65 68 70 90 99 98 94 93 72 71 14 13 19 8 20 21 18 17 41 42 43 44 45 69 67 66 63 60 59 47 46 48 79 81 80 87 88 104 105 110 113 114 112 111 57 58 56 55 54 53 52 51 50 49 32 31 33 34 30 36 37 38 39 40 7 9 10 11 12 15 16 22 23 24 25 35 26 27 29 28 3 5 6 4 1 2 106750
37 38 39 40 41 42 43 44 45 71 15 16 17 18 20 21 30 31 32 33 34 2 1 3 4 7 8 19 22 23 46 47 48 59 60 54 51 52 53 55 56 58 61 62 63 64 65 102 103 101 100 124 121 119 117 116 118 120 122 123 125 132 79 80 81 82 83 84 85 86 115 133 130 126 127 128 129 134 131 104 105 106 140 141 139 138 135 107 108 109 110 136 137 142 143 144 111 112 113 114 49 50 57 66 67 68 69 70 75 74 76 77 78 89 90 99 98 97 96 95 94 73 72 14 13 12 11 10 9 6 5 28 29 27 26 25 24 36 35 87 88 93 92 91 140550
70 69 68 67 66 65 64 63 62 61 59 60 81 82 84 83 80 79 88 103 131 144 143 142 141 140 139 138 137 136 135 133 134 129 130 100 101 102 132 115 104 105 108 106 107 111 114 113 112 110 109 86 85 50 49 34 32 31 33 29 1 2 28 35 36 25 24 37 38 23 22 19 8 7 10 11 12 9 20 17 41 42 14 13 15 16 18 21 40 39 6 5 4 3 26 27 30 55 54 53 52 51 56 57 58 46 47 48 87 90 89 78 77 76 75 43 44 45 71 72 73 74 97 98 99 96 95 94 93 92 91 116 117 118 119 120 121 123 125 128 127 126 124 122 109850
72 71 45 40 39 38 37 23 22 6 1 28 29 30 27 26 46 64 65 66 67 68 69 70 75 73 74 76 77 78 89 90 98 97 94 91 92 116 118 119 121 122 123 120 117 93 95 96 99 102 115 131 124 125 126 127 128 129 130 100 101 103 88 87 79 80 81 85 86 109 108 107 106 105 104 114 113 112 111 50 51 52 53 2 3 4 5 19 8 7 9 10 11 12 15 43 44 42 41 18 17 16 13 14 20 21 63 62 61 60 59 48 47 24 25 36 35 31 32 33 34 49 54 55 56 57 58 82 83 84 110 142 144 143 141 140 139 138 137 136 135 134 133 132 119250
31 32 33 34 27 26 35 36 25 24 23 22 8 9 10 11 12 13 14 21 40 39 38 37 46 47 59 60 109 110 111 114 113 112 144 136 134 120 119 118 117 116 93 97 98 96 95 94 73 74 75 76 78 89 90 99 77 70 69 68 67 66 65 64 63 62 61 57 56 55 54 53 52 51 49 50 58 82 81 80 79 83 84 85 86 104 88 87 48 30 29 28 2 1 3 4 5 6 7 19 20 18 17 41 42 16 15 43 44 45 71 72 91 92 121 122 123 132 106 107 108 105 102 128 127 125 124 126 129 130 100 101 103 115 131 133 135 137 138 139 140 141 142 143 114925
36 35 27 30 34 33 31 32 49 50 51 52 53 54 55 60 59 48 47 46 24 25 26 3 4 5 6 22 23 28 2 1 29 58 82 80 79 75 74 73 93 119 120 122 128 127 126 125 124 123 121 94 92 91 117 118 116 95 96 97 98 99 129 130 134 133 132 100 90 89 77 78 88 114 113 112 111 110 109 108 107 106 131 115 105 104 103 101 102 85 84 83 81 61 62 63 40 39 38 37 20 8 19 43 71 72 69 67 66 57 56 64 65 68 70 45 44 12 11 10 9 7 13 14 15 16 42 41 17 18 21 76 87 86 135 136 137 138 139 140 141 142 143 144 149525
47 48 59 60 81 83 82 80 79 104 105 106 107 108 109 86 85 110 113 114 112 111 144 143 142 141 140 139 138 137 136 135 84 35 36 25 24 26 27 29 28 30 57 56 55 58 69 70 77 88 87 46 6 4 3 1 2 5 10 13 14 16 42 41 17 18 40 39 38 37 23 22 34 32 31 33 49 50 51 52 53 54 61 62 67 68 66 65 64 63 130 129 128 127 126 125 124 123 119 118 116 92 91 73 74 76 75 72 71 45 44 43 21 20 19 8 7 9 11 12 15 93 94 95 96 101 102 103 115 132 134 133 131 100 99 78 89 90 98 97 117 120 121 122 133150
114 113 112 111 106 94 93 91 92 116 115 132 131 104 79 46 24 23 18 17 21 20 19 22 5 4 3 2 28 29 85 109 110 86 84 52 51 49 50 144 140 137 135 107 81 80 36 35 27 26 25 38 39 37 34 31 32 33 30 1 6 9 7 8 65 63 102 103 105 108 82 83 58 56 53 54 55 57 40 41 42 16 13 14 43 44 45 71 72 74 87 138 141 143 142 139 136 119 118 117 120 123 127 128 129 62 61 60 47 48 59 67 77 78 98 97 96 101 100 99 90 89 75 76 70 69 68 66 64 88 133 134 130 126 125 124 122 121 95 73 15 12 11 10 193475
4 3 1 2 28 29 30 34 32 33 27 26 25 24 36 35 31 114 113 112 111 49 55 56 57 58 60 59 46 47 48 64 66 68 89 97 94 93 95 96 98 123 122 121 99 90 78 74 73 72 71 45 43 15 12 11 10 9 7 8 6 5 22 19 20 21 18 17 41 42 16 14 13 44 91 92 116 117 118 119 120 141 143 144 142 140 139 138 125 124 126 127 128 129 130 134 133 132 115 131 135 136 137 54 50 51 52 53 83 85 87 88 102 103 104 105 106 107 108 109 110 86 84 82 81 80 79 75 76 77 70 69 67 65 63 37 23 38 39 40 61 62 100 101 134175
13 14 18 21 30 29 28 22 23 41 42 72 71 45 44 43 40 39 38 46 47 48 61 69 70 78 77 68 67 66 65 64 63 62 54 53 51 49 50 52 55 3 1 2 32 31 33 34 27 25 24 6 5 4 26 35 36 99 93 94 95 96 97 98 75 74 73 91 92 117 120 121 122 123 129 101 103 88 85 84 86 109 108 107 106 102 100 125 124 126 127 128 130 138 137 136 135 134 119 118 116 115 104 105 110 112 114 113 111 132 133 131 83 58 56 57 81 79 87 89 90 76 9 10 11 12 15 16 17 8 7 19 20 37 59 60 80 82 139 140 141 142 143 144 165625
