101 102 63 119 88 86 110 17 43 44 103 45 40 39 38 26 27 80 69 96 109 87 85 104 124 55 49 53 54 57 35 36 37 16 1 114 11 106 6 108 23 116 91 61 62 90 60 59 71 70 75 32 97 123 95 127 93 3 100 10 7 25 29 33 122 28 42 34 30 12 20 15 105 120 13 115 5 121 51 41 14 2 56 48 46 112 111 107 94 118 47 9 19 8 67 73 68 74 18 77 78 117 84 76 72 21 22 4 24 58 64 113 125 89 92 99 65 66 52 50 31 79 81 126 82 83 98 209728
107 127 98 101 102 83 82 63 119 110 67 61 62 59 89 92 99 65 112 111 94 46 49 47 55 66 64 58 91 100 3 11 9 24 23 108 6 106 114 120 5 124 52 105 15 117 126 81 84 78 74 73 71 70 76 75 69 96 109 104 125 113 56 121 50 7 1 16 35 40 39 38 25 29 33 122 28 42 34 43 41 36 37 2 51 44 103 45 48 118 53 54 57 14 20 17 21 22 4 19 18 77 79 80 26 32 97 123 95 93 13 115 10 90 60 116 8 72 12 30 27 31 68 85 86 87 88 200332
54 121 56 124 47 118 48 45 103 44 53 49 46 94 111 112 65 99 92 89 125 61 62 110 109 96 75 77 31 13 10 100 58 91 76 83 101 102 82 126 81 84 117 78 8 90 60 59 104 85 86 87 88 119 63 69 70 71 68 74 18 21 17 12 30 34 39 29 32 26 41 2 7 105 108 4 22 19 23 24 120 115 50 52 55 66 113 64 5 51 57 35 36 14 20 15 106 6 9 3 116 67 73 79 80 28 122 33 25 38 27 72 11 114 1 16 37 40 43 42 123 97 95 93 127 107 98 203116
63 119 96 69 70 74 76 84 81 126 82 83 101 102 117 75 68 71 104 85 86 87 88 109 110 73 67 59 125 89 92 99 65 113 100 115 95 97 98 127 93 118 49 55 124 52 5 56 47 53 54 37 36 14 16 1 105 106 15 12 34 42 40 35 57 121 51 2 41 30 27 31 20 19 23 24 4 22 21 17 26 123 28 122 33 25 78 77 18 8 72 43 39 38 29 32 80 79 108 6 7 13 50 44 103 45 48 94 112 111 107 46 66 120 114 11 9 3 10 90 116 60 62 61 91 58 64 206364
98 127 93 2 7 105 106 23 67 110 96 63 119 88 87 86 85 104 92 99 65 66 52 5 121 56 124 55 47 54 57 50 115 58 125 89 113 64 8 72 19 9 90 91 100 3 11 114 37 36 41 12 17 21 24 15 120 13 10 6 78 117 84 81 126 82 76 77 18 22 4 108 20 79 80 31 27 26 38 39 73 116 61 62 59 60 51 35 40 43 34 30 74 68 71 70 109 69 75 29 32 97 123 95 48 53 49 118 94 112 111 107 46 45 103 44 1 16 14 42 122 28 33 25 83 102 101 206712
98 97 28 42 40 44 45 118 49 53 47 35 26 76 69 96 109 104 64 100 79 80 27 30 34 39 122 33 25 38 43 17 21 77 68 86 88 87 85 110 67 8 9 23 18 74 75 63 119 70 71 73 72 19 20 95 123 127 93 103 48 46 94 107 111 112 65 113 58 3 120 115 50 52 56 5 12 31 101 102 83 82 32 29 117 81 126 84 78 11 2 51 121 54 57 41 14 16 13 10 91 61 62 59 60 90 116 15 36 37 1 7 114 106 6 108 4 22 24 105 124 55 66 125 89 92 99 224460
30 41 43 34 42 39 38 25 33 28 122 54 56 5 50 115 7 16 14 36 37 2 51 57 44 103 45 48 53 47 49 118 94 107 98 97 123 95 40 35 121 91 61 59 71 70 69 75 19 11 100 58 64 113 65 99 92 89 104 125 66 124 52 13 120 20 79 80 29 32 26 27 31 12 17 21 18 77 78 117 84 76 74 73 62 60 116 90 3 9 23 24 4 8 67 68 109 96 119 88 87 86 85 110 72 114 10 55 46 112 111 93 127 1 105 15 106 6 108 22 81 126 82 83 63 102 101 206132
103 45 44 51 90 60 116 3 2 93 127 95 123 97 28 26 30 41 14 20 23 8 72 67 59 125 92 89 69 76 78 117 32 29 25 80 79 10 115 52 124 5 50 13 11 9 19 18 77 68 70 71 74 73 21 17 106 114 105 120 7 1 16 15 24 4 22 102 101 98 107 111 112 94 46 118 49 53 48 54 57 121 56 58 110 86 87 85 104 99 65 113 66 55 47 40 42 39 34 43 35 37 36 31 84 81 82 83 126 75 62 61 91 64 100 6 108 12 27 38 122 33 96 109 88 119 63 222720
107 111 112 94 46 48 57 51 2 36 26 101 102 80 13 47 118 49 53 54 39 38 25 33 29 32 117 78 79 105 120 114 106 6 108 21 17 20 15 14 12 31 27 30 41 121 56 52 66 55 124 5 50 115 7 1 16 37 35 43 34 40 44 45 103 42 122 28 97 123 95 127 93 10 91 61 60 59 71 70 69 109 87 85 104 62 90 116 73 110 86 88 96 119 63 82 81 75 68 67 9 11 3 100 58 64 65 99 92 89 125 113 8 72 18 77 19 22 4 24 23 74 76 84 126 83 98 204972
98 97 123 95 90 60 59 104 99 92 89 125 113 3 9 11 114 6 108 24 4 22 17 21 117 84 81 82 63 119 96 110 71 73 74 77 79 80 25 33 38 39 42 34 43 40 44 45 48 46 118 49 53 124 52 5 121 51 2 16 35 37 36 41 30 14 12 1 7 116 62 61 91 58 100 10 106 23 18 78 76 72 19 8 67 68 70 87 85 86 88 109 69 75 126 83 102 101 32 29 122 28 26 27 31 20 15 105 94 111 112 65 64 56 57 54 47 55 66 115 120 13 50 103 93 127 107 196852
